$PTPSR,ATT,V,055002.00,,,,,*6E
$GPGGA,055002.00,,,,,0,00,,,,,,,*4A
$PTPSR,ATT,V,055001.00,,,,,*6D
$GPGGA,055001.00,,,,,0,00,,,,,,,*49
$PTPSR,ATT,V,055002.00,,,,,*6E
$GPGGA,055002.00,,,,,0,00,,,,,,,*4A
$PTPSR,ATT,V,055003.00,,,,,*6F
$GPGGA,055003.00,5550.9567492,N,03758.2397677,E,1,13,0.79,154.5527,M,14.1589,M,,*51
$PTPSR,ATT,V,055004.00,,,,,*68
$GPGGA,055004.00,5550.9568465,N,03758.2396391,E,1,13,0.79,154.3454,M,14.1589,M,,*5E
$PTPSR,ATT,V,055005.00,,,,,*69
$GPGGA,055005.00,5550.9576959,N,03758.2395135,E,4,12,1.05,157.2638,M,14.1589,M,1.0,0000*76
$PTPSR,ATT,V,055006.00,,,,,*6A
$GPGGA,055006.00,5550.9576966,N,03758.2395134,E,4,12,1.05,157.2697,M,14.1589,M,1.0,0000*7D
$PTPSR,ATT,V,055007.00,358.448,2.292,N,0.217,0.514*2C
$GPGGA,055007.00,5550.9576962,N,03758.2395131,E,4,12,1.05,157.2637,M,14.1589,M,1.0,0000*77
%swithcONAntCommutator%set,lock/hd,on
%glo_P_off%set,lock/glo/pcode,{off,off}
%glo_L2CA on%set,lock/glo/l2c,on
%L2C_in_RTK%set,/par/pos/rtk/measures/glo/l2c,on
%rtk_extrap%set,/par/pos/pd/mode,extrap
#%add_rL%create,/msg/def/jps/rL
#%add_rM%create,/msg/def/jps/rM
#%add_DL%create,/msg/def/jps/DL
%HDSouce%set,/par/pos/hd/source,visor
%HDLen%set,/par/pos/hd/len,2.109
%InitAzin%set,/par/pos/hd/init/azmshift,-90	
%InitAngles%set,/par/pos/hd/init/angles,{0, 0}
%InitType%set,/par/pos/hd/init/type,auto
%HDMode%set,/par/pos/hd/mode,on
%EM_PATT%em,,nmea/GGA	
%EM_PATT%em,,nmea/P_ATT
%Dbi9903%set,dbi2,9903
#%EmDEF%em,,/msg/def


RE017%swithcONAntCommutator%
RE00B%glo_P_off%
RE00D%glo_L2CA on%
RE00C%L2C_in_RTK%
RE00C%rtk_extrap%
RE009%HDSouce%
RE007%HDLen%
RE00A%InitAzin%
RE00C%InitAngles%
RE00A%InitType%
RE008%HDMode%
RE009%EM_PATT%
RE009%EM_PATT%
RE009%Dbi9903%
21026.00 0 8.554 0.100 0.100 0.000 1.422 0.000 0.000 5 7 5 7 0 12 0 0.000 1 0.000 -1 2.109
$PTPSR,ATT,V,055008.00,,,,,*64
$GPGGA,055008.00,5550.9576978,N,03758.2395122,E,4,12,1.05,157.2703,M,14.1589,M,1.0,0000*77
21026.10 0 8.554 0.100 0.100 0.000 2.845 0.000 0.000 5 7 5 7 0 12 0 0.000 1 0.000 -1 2.109
21026.20 0 8.554 0.100 0.100 0.000 4.267 0.000 0.000 5 7 5 7 0 12 0 0.000 1 0.000 -1 2.109
21026.30 0 8.554 0.100 0.100 0.000 5.690 0.000 0.000 5 7 5 7 0 12 0 0.000 1 0.000 -1 2.109
21026.40 0 8.554 0.100 0.100 0.000 7.112 0.000 0.000 5 7 5 7 0 12 0 0.000 1 0.000 -1 2.109
21026.50 0 8.554 0.100 0.100 0.000 8.535 0.000 0.000 5 7 5 7 0 12 0 0.000 1 0.000 -1 2.109
21026.60 0 8.554 0.100 0.100 0.000 9.957 0.000 0.000 5 7 5 7 0 12 0 0.000 1 0.000 -1 2.109
21026.70 0 8.554 0.100 0.100 0.000 11.379 0.000 0.000 5 7 5 7 0 12 0 0.000 1 0.000 -1 2.109
21026.80 0 8.554 0.100 0.100 0.000 12.802 0.000 0.000 5 7 5 7 0 12 0 0.000 1 0.000 -1 2.109
21026.90 0 8.554 0.100 0.100 0.000 14.224 0.000 0.000 5 7 5 7 0 12 0 0.000 1 0.000 -1 2.109
21027.00 0 8.554 0.100 0.100 0.000 15.647 0.000 0.000 5 7 5 7 0 12 0 0.000 1 0.000 -1 2.109
$PTPSR,ATT,V,055009.00,,,,,*65
$GPGGA,055009.00,5550.9576963,N,03758.2395145,E,4,13,0.79,157.2611,M,14.1589,M,1.0,0000*74
21027.10 0 8.554 0.100 0.100 0.000 17.069 0.000 0.000 5 7 5 7 0 12 0 0.000 1 0.000 -1 2.109
21027.20 0 8.554 0.100 0.100 0.000 18.492 0.000 0.000 5 7 5 7 0 12 0 0.000 1 0.000 -1 2.109
21027.30 0 8.554 0.100 0.100 0.000 19.914 0.000 0.000 5 7 5 7 0 12 0 0.000 1 0.000 -1 2.109
21027.40 0 8.554 0.100 0.100 0.000 21.336 0.000 0.000 5 7 5 7 0 12 0 0.000 1 0.000 -1 2.109
21027.50 0 8.554 0.100 0.100 0.000 22.759 0.000 0.000 5 7 5 7 0 12 0 0.000 1 0.000 -1 2.109
21027.60 0 8.554 0.100 0.100 0.000 24.181 0.000 0.000 5 7 5 7 0 12 0 0.000 1 0.000 -1 2.109
21027.70 0 8.554 0.100 0.100 0.000 25.604 0.000 0.000 5 7 5 7 0 12 0 0.000 1 0.000 -1 2.109
21027.80 0 8.554 0.100 0.100 0.000 27.026 0.000 0.000 5 7 5 7 0 12 0 0.000 1 0.000 -1 2.109
21027.90 0 8.554 0.100 0.100 0.000 28.449 0.000 0.000 5 7 5 7 0 12 0 0.000 1 0.000 -1 2.109
21028.00 0 8.554 0.100 0.100 0.000 29.871 0.000 0.000 5 7 5 7 0 12 0 0.000 1 0.000 -1 2.109
$PTPSR,ATT,V,055010.00,,,,,*6D
$GPGGA,055010.00,5550.9576978,N,03758.2395135,E,4,13,0.79,157.2696,M,14.1589,M,1.0,0000*7E
21028.10 0 8.554 0.100 0.100 0.000 31.293 0.000 0.000 5 7 5 7 0 12 0 0.000 1 0.000 -1 2.109
21028.20 0 8.554 0.100 0.100 0.000 32.716 0.000 0.000 5 7 5 7 0 12 0 0.000 1 0.000 -1 2.109
21028.30 0 8.554 0.100 0.100 0.000 34.138 0.000 0.000 5 7 5 7 0 12 0 0.000 1 0.000 -1 2.109
21028.40 0 8.554 0.100 0.100 0.000 35.561 0.000 0.000 5 7 5 7 0 12 0 0.000 1 0.000 -1 2.109
21028.50 0 8.554 0.100 0.100 0.000 36.983 0.000 0.000 5 7 5 7 0 12 0 0.000 1 0.000 -1 2.109
21028.60 0 8.554 0.100 0.100 0.000 38.405 0.000 0.000 5 7 5 7 0 12 0 0.000 1 0.000 -1 2.109
21028.70 0 8.554 0.100 0.100 0.000 39.828 0.000 0.000 5 7 5 7 0 12 0 0.000 1 0.000 -1 2.109
21028.80 0 8.554 0.100 0.100 0.000 41.250 0.000 0.000 5 7 5 7 0 12 0 0.000 1 0.000 -1 2.109
21028.90 0 8.554 0.100 0.100 0.000 42.673 0.000 0.000 5 7 5 7 0 12 0 0.000 1 0.000 -1 2.109
21029.00 0 8.554 0.100 0.100 0.000 44.095 0.000 0.000 5 7 5 7 0 12 0 0.000 1 0.000 -1 2.109
$PTPSR,ATT,V,055011.00,,,,,*6C
$GPGGA,055011.00,5550.9576966,N,03758.2395155,E,4,13,0.79,157.2653,M,14.1589,M,1.0,0000*7F
21029.10 0 8.554 0.100 0.100 0.000 45.518 0.000 0.000 5 7 5 7 0 12 0 0.000 1 0.000 -1 2.109
21029.20 0 8.554 0.100 0.100 0.000 46.940 0.000 0.000 5 7 5 7 0 12 0 0.000 1 0.000 -1 2.109
21029.30 0 8.554 0.100 0.100 0.000 48.362 0.000 0.000 5 7 5 7 0 12 0 0.000 1 0.000 -1 2.109
21029.40 0 8.554 0.100 0.100 0.000 49.785 0.000 0.000 5 7 5 7 0 12 0 0.000 1 0.000 -1 2.109
21029.50 0 8.554 0.100 0.100 0.000 51.207 0.000 0.000 5 7 5 7 0 12 0 0.000 1 0.000 -1 2.109
21029.60 0 8.554 0.100 0.100 0.000 52.630 0.000 0.000 5 7 5 7 0 12 0 0.000 1 0.000 -1 2.109
21029.70 0 8.554 0.100 0.100 0.000 54.052 0.000 0.000 5 7 5 7 0 12 0 0.000 1 0.000 -1 2.109
21029.80 0 8.554 0.100 0.100 0.000 55.475 0.000 0.000 5 7 5 7 0 12 0 0.000 1 0.000 -1 2.109
21029.90 0 8.554 0.100 0.100 0.000 56.897 0.000 0.000 5 7 5 7 0 12 0 0.000 1 0.000 -1 2.109
21030.00 0 8.554 0.100 0.100 0.000 58.319 0.000 0.000 5 7 5 7 0 12 0 0.000 1 0.000 -1 2.109
$PTPSR,ATT,V,055012.00,,,,,*6F
$GPGGA,055012.00,5550.9576949,N,03758.2395110,E,4,13,0.79,157.2649,M,14.1589,M,1.0,0000*7B
21030.10 0 8.554 0.100 0.100 0.000 59.742 0.000 0.000 5 7 5 7 0 12 0 0.000 1 0.000 -1 2.109
21030.20 0 8.554 0.100 0.100 0.000 61.164 0.000 0.000 5 7 5 7 0 12 0 0.000 1 0.000 -1 2.109
21030.30 0 8.554 0.100 0.100 0.000 62.587 0.000 0.000 5 7 5 7 0 12 0 0.000 1 0.000 -1 2.109
21030.40 0 8.554 0.100 0.100 0.000 64.009 0.000 0.000 5 7 5 7 0 12 0 0.000 1 0.000 -1 2.109
21030.50 0 8.554 0.100 0.100 0.000 65.432 0.000 0.000 5 7 5 7 0 12 0 0.000 1 0.000 -1 2.109
21030.60 0 8.554 0.100 0.100 0.000 66.854 0.000 0.000 5 7 5 7 0 12 0 0.000 1 0.000 -1 2.109
21030.70 0 8.554 0.100 0.100 0.000 68.276 0.000 0.000 5 7 5 7 0 12 0 0.000 1 0.000 -1 2.109
21030.80 0 8.554 0.100 0.100 0.000 69.699 0.000 0.000 5 7 5 7 0 12 0 0.000 1 0.000 -1 2.109
21030.90 0 8.554 0.100 0.100 0.000 71.121 0.000 0.000 5 7 5 7 0 12 0 0.000 1 0.000 -1 2.109
21031.00 0 8.554 0.100 0.100 0.000 72.544 0.000 0.000 5 7 5 7 0 12 0 0.000 1 0.000 -1 2.109
$PTPSR,ATT,V,055013.00,,,,,*6E
$GPGGA,055013.00,5550.9576949,N,03758.2395116,E,4,13,0.79,157.2636,M,14.1589,M,1.0,0000*74
21031.10 0 8.554 0.100 0.100 0.000 73.966 0.000 0.000 5 7 5 7 0 12 0 0.000 1 0.000 -1 2.109
21031.20 0 8.554 0.100 0.100 0.000 75.389 0.000 0.000 5 7 5 7 0 12 0 0.000 1 0.000 -1 2.109
21031.30 0 8.554 0.100 0.100 0.000 76.811 0.000 0.000 5 7 5 7 0 12 0 0.000 1 0.000 -1 2.109
21031.40 0 8.554 0.100 0.100 0.000 78.233 0.000 0.000 5 7 5 7 0 12 0 0.000 1 0.000 -1 2.109
21031.50 0 8.554 0.100 0.100 0.000 79.656 0.000 0.000 5 7 5 7 0 12 0 0.000 1 0.000 -1 2.109
21031.60 0 8.554 0.100 0.100 0.000 81.078 0.000 0.000 5 7 5 7 0 12 0 0.000 1 0.000 -1 2.109
21031.70 0 8.554 0.100 0.100 0.000 82.501 0.000 0.000 5 7 5 7 0 12 0 0.000 1 0.000 -1 2.109
21031.80 0 8.554 0.100 0.100 0.000 83.923 0.000 0.000 5 7 5 7 0 12 0 0.000 1 0.000 -1 2.109
21031.90 0 8.554 0.100 0.100 0.000 85.346 0.000 0.000 5 7 5 7 0 12 0 0.000 1 0.000 -1 2.109
21032.00 0 8.554 0.100 0.100 0.000 86.768 0.000 0.000 5 7 5 7 0 12 0 0.000 1 0.000 -1 2.109
$PTPSR,ATT,V,055014.00,,,,,*69
$GPGGA,055014.00,5550.9576946,N,03758.2395111,E,4,13,0.79,157.2642,M,14.1589,M,1.0,0000*78
21032.10 0 8.554 0.100 0.100 0.000 88.190 0.000 0.000 5 7 5 7 0 12 0 0.000 1 0.000 -1 2.109
21032.20 0 8.554 0.100 0.100 0.000 89.613 0.000 0.000 5 7 5 7 0 12 0 0.000 1 0.000 -1 2.109
21032.30 0 8.554 0.100 0.100 0.000 91.035 0.000 0.000 5 7 5 7 0 12 0 0.000 1 0.000 -1 2.109
21032.40 0 8.554 0.100 0.100 0.000 92.458 0.000 0.000 5 7 5 7 0 12 0 0.000 1 0.000 -1 2.109
21032.50 0 8.554 0.100 0.100 0.000 93.880 0.000 0.000 5 7 5 7 0 12 0 0.000 1 0.000 -1 2.109
21032.60 0 8.554 0.100 0.100 0.000 95.302 0.000 0.000 5 7 5 7 0 12 0 0.000 1 0.000 -1 2.109
21032.70 0 8.554 0.100 0.100 0.000 96.725 0.000 0.000 5 7 5 7 0 12 0 0.000 1 0.000 -1 2.109
21032.80 0 8.554 0.100 0.100 0.000 98.147 0.000 0.000 5 7 5 7 0 12 0 0.000 1 0.000 -1 2.109
21032.90 0 8.554 0.100 0.100 0.000 99.570 0.000 0.000 5 7 5 7 0 12 0 0.000 1 0.000 -1 2.109
21033.00 0 8.554 0.100 0.100 0.000 100.992 0.000 0.000 5 7 5 7 0 12 0 0.000 1 0.000 -1 2.109
$PTPSR,ATT,V,055015.00,,,,,*68
$GPGGA,055015.00,5550.9576926,N,03758.2395107,E,4,13,0.79,157.2598,M,14.1589,M,1.0,0000*7C
21033.10 0 8.554 0.100 0.100 0.000 102.415 0.000 0.000 5 7 5 7 0 12 0 0.000 1 0.000 -1 2.109
21033.20 0 8.554 0.100 0.100 0.000 103.837 0.000 0.000 5 7 5 7 0 12 0 0.000 1 0.000 -1 2.109
21033.30 0 8.554 0.100 0.100 0.000 105.259 0.000 0.000 5 7 5 7 0 12 0 0.000 1 0.000 -1 2.109
21033.40 0 8.554 0.100 0.100 0.000 106.682 0.000 0.000 5 7 5 7 0 12 0 0.000 1 0.000 -1 2.109
21033.50 0 8.554 0.100 0.100 0.000 108.104 0.000 0.000 5 7 5 7 0 12 0 0.000 1 0.000 -1 2.109
21033.60 0 8.554 0.100 0.100 0.000 109.527 0.000 0.000 5 7 5 7 0 12 0 0.000 1 0.000 -1 2.109
21033.70 0 8.554 0.100 0.100 0.000 110.949 0.000 0.000 5 7 5 7 0 12 0 0.000 1 0.000 -1 2.109
21033.80 0 8.554 0.100 0.100 0.000 112.372 0.000 0.000 5 7 5 7 0 12 0 0.000 1 0.000 -1 2.109
21033.90 0 8.554 0.100 0.100 0.000 113.794 0.000 0.000 5 7 5 7 0 12 0 0.000 1 0.000 -1 2.109
21034.00 0 8.554 0.100 0.100 0.000 115.216 0.000 0.000 5 7 5 7 0 12 0 0.000 1 0.000 -1 2.109
$PTPSR,ATT,V,055016.00,,,,,*6B
$GPGGA,055016.00,5550.9576952,N,03758.2395100,E,4,12,0.79,157.2740,M,14.1589,M,1.0,0000*7D
21034.10 0 8.554 0.100 0.100 0.000 116.639 0.000 0.000 5 7 5 7 0 12 0 0.000 1 0.000 -1 2.109
21034.20 0 8.554 0.100 0.100 0.000 118.061 0.000 0.000 5 7 5 7 0 12 0 0.000 1 0.000 -1 2.109
21034.30 0 8.554 0.100 0.100 0.000 119.484 0.000 0.000 5 7 5 7 0 12 0 0.000 1 0.000 -1 2.109
21034.40 0 8.554 0.100 0.100 0.000 120.906 0.000 0.000 5 7 5 7 0 12 0 0.000 1 0.000 -1 2.109
21034.50 0 8.554 0.100 0.100 0.000 122.329 0.000 0.000 5 7 5 7 0 12 0 0.000 1 0.000 -1 2.109
21034.60 0 8.554 0.100 0.100 0.000 123.751 0.000 0.000 5 7 5 7 0 12 0 0.000 1 0.000 -1 2.109
21034.70 0 8.554 0.100 0.100 0.000 125.173 0.000 0.000 5 7 5 7 0 12 0 0.000 1 0.000 -1 2.109
21034.80 0 8.554 0.100 0.100 0.000 126.596 0.000 0.000 5 7 5 7 0 12 0 0.000 1 0.000 -1 2.109
21034.90 0 8.554 0.100 0.100 0.000 128.018 0.000 0.000 5 7 5 7 0 12 0 0.000 1 0.000 -1 2.109
21035.00 0 8.554 0.100 0.100 0.000 129.441 0.000 0.000 5 7 5 7 0 12 0 0.000 1 0.000 -1 2.109
$PTPSR,ATT,V,055017.00,,,,,*6A
$GPGGA,055017.00,5550.9576955,N,03758.2395104,E,4,12,1.05,157.2746,M,14.1589,M,1.0,0000*73
21035.10 0 8.554 0.100 0.100 0.000 130.863 0.000 0.000 5 7 5 7 0 12 0 0.000 1 0.000 -1 2.109
21035.20 0 8.554 0.100 0.100 0.000 132.286 0.000 0.000 5 7 5 7 0 12 0 0.000 1 0.000 -1 2.109
21035.30 0 8.554 0.100 0.100 0.000 133.708 0.000 0.000 5 7 5 7 0 12 0 0.000 1 0.000 -1 2.109
21035.40 0 8.554 0.100 0.100 0.000 135.130 0.000 0.000 5 7 5 7 0 12 0 0.000 1 0.000 -1 2.109
21035.50 0 8.554 0.100 0.100 0.000 136.553 0.000 0.000 5 7 5 7 0 12 0 0.000 1 0.000 -1 2.109
21035.60 0 8.554 0.100 0.100 0.000 137.975 0.000 0.000 5 7 5 7 0 12 0 0.000 1 0.000 -1 2.109
21035.70 0 8.554 0.100 0.100 0.000 139.398 0.000 0.000 5 7 5 7 0 12 0 0.000 1 0.000 -1 2.109
21035.80 0 8.554 0.100 0.100 0.000 140.820 0.000 0.000 5 7 5 7 0 12 0 0.000 1 0.000 -1 2.109
21035.90 0 8.554 0.100 0.100 0.000 142.243 0.000 0.000 5 7 5 7 0 12 0 0.000 1 0.000 -1 2.109
21036.00 0 8.554 0.100 0.100 0.000 143.665 0.000 0.000 5 7 5 7 0 12 0 0.000 1 0.000 -1 2.109
$PTPSR,ATT,V,055018.00,,,,,*65
$GPGGA,055018.00,5550.9576923,N,03758.2395083,E,4,12,1.05,157.2693,M,14.1589,M,1.0,0000*7A
21036.10 0 8.554 0.100 0.100 0.000 145.087 0.000 0.000 5 7 5 7 0 12 0 0.000 1 0.000 -1 2.109
21036.20 0 8.554 0.100 0.100 0.000 146.510 0.000 0.000 5 7 5 7 0 12 0 0.000 1 0.000 -1 2.109
21036.30 0 8.554 0.100 0.100 0.000 147.932 0.000 0.000 5 7 5 7 0 12 0 0.000 1 0.000 -1 2.109
21036.40 0 8.554 0.100 0.100 0.000 149.355 0.000 0.000 5 7 5 7 0 12 0 0.000 1 0.000 -1 2.109
21036.50 0 8.554 0.100 0.100 0.000 150.777 0.000 0.000 5 7 5 7 0 12 0 0.000 1 0.000 -1 2.109
21036.60 0 8.554 0.100 0.100 0.000 152.199 0.000 0.000 5 7 5 7 0 12 0 0.000 1 0.000 -1 2.109
21036.70 0 8.554 0.100 0.100 0.000 153.622 0.000 0.000 5 7 5 7 0 12 0 0.000 1 0.000 -1 2.109
21036.80 0 8.554 0.100 0.100 0.000 155.044 0.000 0.000 5 7 5 7 0 12 0 0.000 1 0.000 -1 2.109
21036.90 0 8.554 0.100 0.100 0.000 156.467 0.000 0.000 5 7 5 7 0 12 0 0.000 1 0.000 -1 2.109
21037.00 0 8.554 0.100 0.100 0.000 157.889 0.000 0.000 5 7 5 7 0 12 0 0.000 1 0.000 -1 2.109
$PTPSR,ATT,V,055019.00,,,,,*64
$GPGGA,055019.00,5550.9576848,N,03758.2395008,E,4,12,1.05,157.2646,M,14.1589,M,1.0,0000*7C
21037.10 0 8.554 0.100 0.100 0.000 159.312 0.000 0.000 5 7 5 7 0 12 0 0.000 1 0.000 -1 2.109
21037.20 0 8.554 0.100 0.100 0.000 160.734 0.000 0.000 5 7 5 7 0 12 0 0.000 1 0.000 -1 2.109
21037.30 0 8.554 0.100 0.100 0.000 162.156 0.000 0.000 5 7 5 7 0 12 0 0.000 1 0.000 -1 2.109
21037.40 0 8.554 0.100 0.100 0.000 163.579 0.000 0.000 5 7 5 7 0 12 0 0.000 1 0.000 -1 2.109
21037.50 0 8.554 0.100 0.100 0.000 165.001 0.000 0.000 5 7 5 7 0 12 0 0.000 1 0.000 -1 2.109
21037.60 0 8.554 0.100 0.100 0.000 166.424 0.000 0.000 5 7 5 7 0 12 0 0.000 1 0.000 -1 2.109
21037.70 0 8.554 0.100 0.100 0.000 167.846 0.000 0.000 5 7 5 7 0 12 0 0.000 1 0.000 -1 2.109
21037.80 0 8.554 0.100 0.100 0.000 169.269 0.000 0.000 5 7 5 7 0 12 0 0.000 1 0.000 -1 2.109
21037.90 0 8.554 0.100 0.100 0.000 170.691 0.000 0.000 5 7 5 7 0 12 0 0.000 1 0.000 -1 2.109
21038.00 0 8.554 0.100 0.100 0.000 172.113 0.000 0.000 5 7 5 7 0 12 0 0.000 1 0.000 -1 2.109
$PTPSR,ATT,V,055020.00,,,,,*6E
$GPGGA,055020.00,5550.9576569,N,03758.2394629,E,4,12,1.05,157.2666,M,14.1589,M,1.0,0000*7E
21038.10 0 8.554 0.100 0.100 0.000 173.536 0.000 0.000 5 7 5 7 0 12 0 0.000 1 0.000 -1 2.109
21038.20 0 8.554 0.100 0.100 0.000 174.958 0.000 0.000 5 7 5 7 0 12 0 0.000 1 0.000 -1 2.109
21038.30 0 8.554 0.100 0.100 0.000 176.381 0.000 0.000 5 7 5 7 0 12 0 0.000 1 0.000 -1 2.109
21038.40 0 8.554 0.100 0.100 0.000 177.803 0.000 0.000 5 7 5 7 0 12 0 0.000 1 0.000 -1 2.109
21038.50 0 8.554 0.100 0.100 0.000 179.226 0.000 0.000 5 6 5 6 0 12 0 0.000 1 0.000 -1 2.109
21038.60 0 8.554 0.100 0.100 0.000 -179.352 0.000 0.000 5 7 5 7 0 12 0 0.000 1 0.000 -1 2.109
21038.70 0 8.554 0.100 0.100 0.000 -177.930 0.000 0.000 5 7 5 7 0 12 0 0.000 1 0.000 -1 2.109
21038.80 0 8.554 0.100 0.100 0.000 -176.507 0.000 0.000 5 7 5 7 0 12 0 0.000 1 0.000 -1 2.109
21038.90 0 8.554 0.100 0.100 0.000 -175.085 0.000 0.000 5 7 5 7 0 12 0 0.000 1 0.000 -1 2.109
21039.00 0 8.554 0.100 0.100 0.000 -173.662 0.000 0.000 5 7 5 7 0 12 0 0.000 1 0.000 -1 2.109
$PTPSR,ATT,V,055021.00,,,,,*6F
$GPGGA,055021.00,5550.9575469,N,03758.2392958,E,4,12,1.05,157.2693,M,14.1589,M,1.0,0000*78
21039.10 0 8.554 0.100 0.100 0.000 -172.240 0.000 0.000 5 7 5 7 0 12 0 0.000 1 0.000 -1 2.109
21039.20 0 8.554 0.100 0.100 0.000 -170.817 0.000 0.000 5 7 5 7 0 12 0 0.000 1 0.000 -1 2.109
21039.30 0 8.554 0.100 0.100 0.000 -169.395 0.000 0.000 5 7 5 7 0 12 0 0.000 1 0.000 -1 2.109
21039.40 0 8.554 0.100 0.100 0.000 -167.972 0.000 0.000 5 7 5 7 0 12 0 0.000 1 0.000 -1 2.109
21039.50 0 8.554 0.100 0.100 0.000 -166.550 0.000 0.000 5 7 5 7 0 12 0 0.000 1 0.000 -1 2.109
21039.60 0 8.554 0.100 0.100 0.000 -165.127 0.000 0.000 5 7 5 7 0 12 0 0.000 1 0.000 -1 2.109
21039.70 0 8.554 0.100 0.100 0.000 -163.705 0.000 0.000 5 7 5 7 0 12 0 0.000 1 0.000 -1 2.109
21039.80 0 8.554 0.100 0.100 0.000 -162.282 0.000 0.000 5 7 5 7 0 12 0 0.000 1 0.000 -1 2.109
21039.90 0 8.554 0.100 0.100 0.000 -160.860 0.000 0.000 5 7 5 7 0 12 0 0.000 1 0.000 -1 2.109
21040.00 0 8.554 0.100 0.100 0.000 -159.437 0.000 0.000 5 7 5 7 0 12 0 0.000 1 0.000 -1 2.109
$PTPSR,ATT,V,055022.00,,,,,*6C
$GPGGA,055022.00,5550.9574116,N,03758.2390650,E,4,12,1.05,157.2669,M,14.1589,M,1.0,0000*77
21040.10 0 8.554 0.100 0.100 0.000 -158.015 0.000 0.000 5 7 5 7 0 12 0 0.000 1 0.000 -1 2.109
21040.20 0 8.554 0.100 0.100 0.000 -156.592 0.000 0.000 5 7 5 7 0 12 0 0.000 1 0.000 -1 2.109
21040.30 0 8.554 0.100 0.100 0.000 -155.170 0.000 0.000 5 7 5 7 0 12 0 0.000 1 0.000 -1 2.109
21040.40 0 8.554 0.100 0.100 0.000 -153.747 0.000 0.000 5 7 5 7 0 12 0 0.000 1 0.000 -1 2.109
21040.50 0 8.554 0.100 0.100 0.000 -152.325 0.000 0.000 5 7 5 7 0 12 0 0.000 1 0.000 -1 2.109
21040.60 0 8.554 0.100 0.100 0.000 -150.902 0.000 0.000 5 7 5 7 0 12 0 0.000 1 0.000 -1 2.109
21040.70 0 8.554 0.100 0.100 0.000 -149.480 0.000 0.000 5 7 5 7 0 12 0 0.000 1 0.000 -1 2.109
21040.80 0 8.554 0.100 0.100 0.000 -148.057 0.000 0.000 5 7 5 7 0 12 0 0.000 1 0.000 -1 2.109
21040.90 0 8.554 0.100 0.100 0.000 -146.635 0.000 0.000 5 7 5 7 0 12 0 0.000 1 0.000 -1 2.109
21041.00 0 8.554 0.100 0.100 0.000 -145.212 0.000 0.000 5 7 5 7 0 12 0 0.000 1 0.000 -1 2.109
$PTPSR,ATT,V,055023.00,,,,,*6D
$GPGGA,055023.00,5550.9572755,N,03758.2388178,E,4,12,1.05,157.2740,M,14.1589,M,1.0,0000*7F
21041.10 0 8.554 0.100 0.100 0.000 -143.790 0.000 0.000 5 7 5 7 0 12 0 0.000 1 0.000 -1 2.109
21041.20 0 8.554 0.100 0.100 0.000 -142.367 0.000 0.000 5 7 5 7 0 12 0 0.000 1 0.000 -1 2.109
21041.30 0 8.554 0.100 0.100 0.000 -140.945 0.000 0.000 5 7 5 7 0 12 0 0.000 1 0.000 -1 2.109
21041.40 0 8.554 0.100 0.100 0.000 -139.522 0.000 0.000 5 7 5 7 0 12 0 0.000 1 0.000 -1 2.109
21041.50 0 8.554 0.100 0.100 0.000 -138.100 0.000 0.000 5 7 5 7 0 12 0 0.000 1 0.000 -1 2.109
21041.60 0 8.554 0.100 0.100 0.000 -136.678 0.000 0.000 5 7 5 7 0 12 0 0.000 1 0.000 -1 2.109
21041.70 0 8.554 0.100 0.100 0.000 -135.255 0.000 0.000 5 7 5 7 0 12 0 0.000 1 0.000 -1 2.109
21041.80 0 8.554 0.100 0.100 0.000 -133.833 0.000 0.000 5 7 5 7 0 12 0 0.000 1 0.000 -1 2.109
21041.90 0 8.554 0.100 0.100 0.000 -132.410 0.000 0.000 5 7 5 7 0 12 0 0.000 1 0.000 -1 2.109
21042.00 0 8.554 0.100 0.100 0.000 -130.988 0.000 0.000 5 7 5 7 0 12 0 0.000 1 0.000 -1 2.109
$PTPSR,ATT,V,055024.00,,,,,*6A
$GPGGA,055024.00,5550.9571451,N,03758.2385094,E,4,12,1.05,157.2666,M,14.1589,M,1.0,0000*77
21042.10 0 8.554 0.100 0.100 0.000 -129.565 0.000 0.000 5 7 5 7 0 12 0 0.000 1 0.000 -1 2.109
21042.20 0 8.554 0.100 0.100 0.000 -128.143 0.000 0.000 5 7 5 7 0 12 0 0.000 1 0.000 -1 2.109
21042.30 0 8.554 0.100 0.100 0.000 -126.720 0.000 0.000 5 7 5 7 0 12 0 0.000 1 0.000 -1 2.109
21042.40 0 8.554 0.100 0.100 0.000 -125.298 0.000 0.000 5 7 5 7 0 12 0 0.000 1 0.000 -1 2.109
21042.50 0 8.554 0.100 0.100 0.000 -123.875 0.000 0.000 5 7 5 7 0 12 0 0.000 1 0.000 -1 2.109
21042.60 0 8.554 0.100 0.100 0.000 -122.453 0.000 0.000 5 7 5 7 0 12 0 0.000 1 0.000 -1 2.109
21042.70 0 8.554 0.100 0.100 0.000 -121.030 0.000 0.000 5 7 5 7 0 12 0 0.000 1 0.000 -1 2.109
21042.80 0 8.554 0.100 0.100 0.000 -119.608 0.000 0.000 5 7 5 7 0 12 0 0.000 1 0.000 -1 2.109
21042.90 0 8.554 0.100 0.100 0.000 -118.185 0.000 0.000 5 7 5 7 0 12 0 0.000 1 0.000 -1 2.109
21043.00 0 8.554 0.100 0.100 0.000 -116.763 0.000 0.000 5 7 5 7 0 12 0 0.000 1 0.000 -1 2.109
$PTPSR,ATT,V,055025.00,,,,,*6B
$GPGGA,055025.00,5550.9570308,N,03758.2381976,E,4,12,1.05,157.2727,M,14.1589,M,1.0,0000*79
21043.10 0 8.554 0.100 0.100 0.000 -115.340 0.000 0.000 5 7 5 7 0 12 0 0.000 1 0.000 -1 2.109
21043.20 0 8.554 0.100 0.100 0.000 -113.918 0.000 0.000 5 7 5 7 0 12 0 0.000 1 0.000 -1 2.109
21043.30 0 8.554 0.100 0.100 0.000 -112.495 0.000 0.000 5 7 5 7 0 12 0 0.000 1 0.000 -1 2.109
21043.40 0 8.554 0.100 0.100 0.000 -111.073 0.000 0.000 5 7 5 7 0 12 0 0.000 1 0.000 -1 2.109
21043.50 0 8.554 0.100 0.100 0.000 -109.650 0.000 0.000 5 7 5 7 0 12 0 0.000 1 0.000 -1 2.109
21043.60 0 8.554 0.100 0.100 0.000 -108.228 0.000 0.000 5 6 5 6 0 12 0 0.000 1 0.000 -1 2.109
21043.70 0 8.554 0.100 0.100 0.000 -106.805 0.000 0.000 5 7 5 7 0 12 0 0.000 1 0.000 -1 2.109
21043.80 0 8.554 0.100 0.100 0.000 -105.383 0.000 0.000 5 7 5 7 0 12 0 0.000 1 0.000 -1 2.109
21043.90 0 8.554 0.100 0.100 0.000 -103.960 0.000 0.000 5 7 5 7 0 12 0 0.000 1 0.000 -1 2.109
21044.00 0 8.554 0.100 0.100 0.000 -102.538 0.000 0.000 5 7 5 7 0 12 0 0.000 1 0.000 -1 2.109
$PTPSR,ATT,V,055026.00,,,,,*68
$GPGGA,055026.00,5550.9569183,N,03758.2378685,E,4,12,1.05,157.2630,M,14.1589,M,1.0,0000*71
21044.10 0 8.554 0.100 0.100 0.000 -101.115 0.000 0.000 5 6 5 6 0 12 0 0.000 1 0.000 -1 2.109
21044.20 0 8.554 0.100 0.100 0.000 -99.693 0.000 0.000 5 6 5 6 0 12 0 0.000 1 0.000 -1 2.109
21044.30 0 8.554 0.100 0.100 0.000 -98.271 0.000 0.000 5 6 5 6 0 12 0 0.000 1 0.000 -1 2.109
21044.40 0 8.554 0.100 0.100 0.000 -96.848 0.000 0.000 5 7 5 7 0 12 0 0.000 1 0.000 -1 2.109
21044.50 0 8.554 0.100 0.100 0.000 -95.426 0.000 0.000 5 7 5 7 0 12 0 0.000 1 0.000 -1 2.109
21044.60 0 8.554 0.100 0.100 0.000 -94.003 0.000 0.000 5 7 5 7 0 12 0 0.000 1 0.000 -1 2.109
21044.70 0 8.554 0.100 0.100 0.000 -92.581 0.000 0.000 5 7 5 7 0 12 0 0.000 1 0.000 -1 2.109
21044.80 0 8.554 0.100 0.100 0.000 -91.158 0.000 0.000 5 6 5 6 0 12 0 0.000 1 0.000 -1 2.109
21044.90 0 8.554 0.100 0.100 0.000 -89.736 0.000 0.000 5 7 5 7 0 12 0 0.000 1 0.000 -1 2.109
21045.00 0 8.554 0.100 0.100 0.000 -88.313 0.000 0.000 5 7 5 7 0 12 0 0.000 1 0.000 -1 2.109
$PTPSR,ATT,V,055027.00,,,,,*69
$GPGGA,055027.00,5550.9568055,N,03758.2375151,E,4,13,1.02,157.2570,M,14.1589,M,1.0,0000*79
21045.10 0 8.554 0.100 0.100 0.000 -86.891 0.000 0.000 5 7 5 7 0 12 0 0.000 1 0.000 -1 2.109
21045.20 0 8.554 0.100 0.100 0.000 -85.468 0.000 0.000 5 7 5 7 0 12 0 0.000 1 0.000 -1 2.109
21045.30 0 8.554 0.100 0.100 0.000 -84.046 0.000 0.000 5 7 5 7 0 12 0 0.000 1 0.000 -1 2.109
21045.40 0 8.554 0.100 0.100 0.000 -82.623 0.000 0.000 5 7 5 7 0 12 0 0.000 1 0.000 -1 2.109
21045.50 0 8.554 0.100 0.100 0.000 -81.201 0.000 0.000 5 7 5 7 0 12 0 0.000 1 0.000 -1 2.109
21045.60 0 8.554 0.100 0.100 0.000 -79.778 0.000 0.000 5 7 5 7 0 12 0 0.000 1 0.000 -1 2.109
21045.70 0 8.554 0.100 0.100 0.000 -78.356 0.000 0.000 5 7 5 7 0 12 0 0.000 1 0.000 -1 2.109
21045.80 0 8.554 0.100 0.100 0.000 -76.933 0.000 0.000 5 7 5 7 0 12 0 0.000 1 0.000 -1 2.109
21045.90 0 8.554 0.100 0.100 0.000 -75.511 0.000 0.000 5 7 5 7 0 12 0 0.000 1 0.000 -1 2.109
21046.00 0 8.554 0.100 0.100 0.000 -74.088 0.000 0.000 5 7 5 7 0 12 0 0.000 1 0.000 -1 2.109
$PTPSR,ATT,V,055028.00,,,,,*66
$GPGGA,055028.00,5550.9567195,N,03758.2371698,E,4,13,1.02,157.2559,M,14.1589,M,1.0,0000*79
21046.10 0 8.554 0.100 0.100 0.000 -72.666 0.000 0.000 5 7 5 7 0 12 0 0.000 1 0.000 -1 2.109
21046.20 0 8.554 0.100 0.100 0.000 -71.243 0.000 0.000 6 7 6 7 0 13 0 0.000 1 0.000 -1 2.109
21046.30 0 8.554 0.100 0.100 0.000 -69.821 0.000 0.000 6 7 6 7 0 13 0 0.000 1 0.000 -1 2.109
21046.40 0 8.554 0.100 0.100 0.000 -68.398 0.000 0.000 6 6 6 6 0 13 0 0.000 1 0.000 -1 2.109
21046.50 0 8.554 0.100 0.100 0.000 -66.976 0.000 0.000 6 7 6 7 0 13 0 0.000 1 0.000 -1 2.109
21046.60 0 8.554 0.100 0.100 0.000 -65.553 0.000 0.000 6 6 6 6 0 13 0 0.000 1 0.000 -1 2.109
21046.70 0 8.554 0.100 0.100 0.000 -64.131 0.000 0.000 6 7 6 7 0 13 0 0.000 1 0.000 -1 2.109
21046.80 0 8.554 0.100 0.100 0.000 -62.708 0.000 0.000 6 7 6 7 0 13 0 0.000 1 0.000 -1 2.109
21046.90 0 8.554 0.100 0.100 0.000 -61.286 0.000 0.000 6 7 6 7 0 13 0 0.000 1 0.000 -1 2.109
21047.00 0 8.554 0.100 0.100 0.000 -59.863 0.000 0.000 6 6 6 6 0 13 0 0.000 1 0.000 -1 2.109
$PTPSR,ATT,V,055029.00,,,,,*67
$GPGGA,055029.00,5550.9566347,N,03758.2367823,E,4,13,1.02,157.2477,M,14.1589,M,1.0,0000*70
21047.10 0 8.554 0.100 0.100 0.000 -58.441 0.000 0.000 6 6 6 6 0 13 0 0.000 1 0.000 -1 2.109
21047.20 0 8.554 0.100 0.100 0.000 -57.019 0.000 0.000 6 6 6 6 0 13 0 0.000 1 0.000 -1 2.109
21047.30 0 8.554 0.100 0.100 0.000 -55.596 0.000 0.000 6 7 6 7 0 13 0 0.000 1 0.000 -1 2.109
21047.40 0 8.554 0.100 0.100 0.000 -54.174 0.000 0.000 6 6 6 6 0 13 0 0.000 1 0.000 -1 2.109
21047.50 0 8.554 0.100 0.100 0.000 -52.751 0.000 0.000 6 7 6 7 0 13 0 0.000 1 0.000 -1 2.109
21047.60 0 8.554 0.100 0.100 0.000 -51.329 0.000 0.000 6 6 6 6 0 13 0 0.000 1 0.000 -1 2.109
21047.70 0 8.554 0.100 0.100 0.000 -49.906 0.000 0.000 6 6 6 6 0 13 0 0.000 1 0.000 -1 2.109
21047.80 0 8.554 0.100 0.100 0.000 -48.484 0.000 0.000 6 6 6 6 0 13 0 0.000 1 0.000 -1 2.109
21047.90 0 8.554 0.100 0.100 0.000 -47.061 0.000 0.000 6 7 6 7 0 13 0 0.000 1 0.000 -1 2.109
21048.00 0 8.554 0.100 0.100 0.000 -45.639 0.000 0.000 6 7 6 7 0 13 0 0.000 1 0.000 -1 2.109
$PTPSR,ATT,V,055030.00,,,,,*6F
$GPGGA,055030.00,5550.9565702,N,03758.2364042,E,4,13,1.02,157.2432,M,14.1589,M,1.0,0000*73
21048.10 0 8.554 0.100 0.100 0.000 -44.216 0.000 0.000 6 7 6 7 0 13 0 0.000 1 0.000 -1 2.109
21048.20 0 8.554 0.100 0.100 0.000 -42.794 0.000 0.000 6 7 6 7 0 13 0 0.000 1 0.000 -1 2.109
21048.30 0 8.554 0.100 0.100 0.000 -41.371 0.000 0.000 6 7 6 7 0 13 0 0.000 1 0.000 -1 2.109
21048.40 0 8.554 0.100 0.100 0.000 -39.949 0.000 0.000 5 7 5 7 0 13 0 0.000 1 0.000 -1 2.109
21048.50 0 8.554 0.100 0.100 0.000 -38.526 0.000 0.000 6 6 6 6 0 13 0 0.000 1 0.000 -1 2.109
21048.60 0 8.554 0.100 0.100 0.000 -37.104 0.000 0.000 6 6 6 6 0 13 0 0.000 1 0.000 -1 2.109
21048.70 0 8.554 0.100 0.100 0.000 -35.681 0.000 0.000 6 7 6 7 0 13 0 0.000 1 0.000 -1 2.109
21048.80 0 8.554 0.100 0.100 0.000 -34.259 0.000 0.000 6 7 6 7 0 13 0 0.000 1 0.000 -1 2.109
21048.90 0 8.554 0.100 0.100 0.000 -32.836 0.000 0.000 6 7 6 7 0 13 0 0.000 1 0.000 -1 2.109
21049.00 0 8.554 0.100 0.100 0.000 -31.414 0.000 0.000 6 7 6 7 0 13 0 0.000 1 0.000 -1 2.109
$PTPSR,ATT,V,055031.00,,,,,*6E
$GPGGA,055031.00,5550.9565151,N,03758.2360321,E,4,13,1.02,157.2235,M,14.1590,M,1.0,0000*79
21049.10 0 8.554 0.100 0.100 0.000 -29.991 0.000 0.000 6 7 6 7 0 13 0 0.000 1 0.000 -1 2.109
21049.20 0 8.554 0.100 0.100 0.000 -28.569 0.000 0.000 6 7 6 7 0 13 0 0.000 1 0.000 -1 2.109
21049.30 0 8.554 0.100 0.100 0.000 -27.146 0.000 0.000 6 6 6 6 0 13 0 0.000 1 0.000 -1 2.109
21049.40 0 8.554 0.100 0.100 0.000 -25.724 0.000 0.000 6 7 6 7 0 13 0 0.000 1 0.000 -1 2.109
21049.50 0 8.554 0.100 0.100 0.000 -24.301 0.000 0.000 6 7 6 7 0 13 0 0.000 1 0.000 -1 2.109
21049.60 0 8.554 0.100 0.100 0.000 -22.879 0.000 0.000 6 6 6 6 0 13 0 0.000 1 0.000 -1 2.109
21049.70 0 8.554 0.100 0.100 0.000 -21.456 0.000 0.000 6 7 6 7 0 13 0 0.000 1 0.000 -1 2.109
21049.80 0 8.554 0.100 0.100 0.000 -20.034 0.000 0.000 6 6 6 6 0 13 0 0.000 1 0.000 -1 2.109
21049.90 0 8.554 0.100 0.100 0.000 -18.612 0.000 0.000 6 7 6 7 0 13 0 0.000 1 0.000 -1 2.109
21050.00 0 8.554 0.100 0.100 0.000 -17.189 0.000 0.000 6 7 6 7 0 13 0 0.000 1 0.000 -1 2.109
$PTPSR,ATT,V,055032.00,,,,,*6D
$GPGGA,055032.00,5550.9564933,N,03758.2355939,E,4,13,1.02,157.1849,M,14.1590,M,1.0,0000*70
21050.10 0 8.554 0.100 0.100 0.000 -15.767 0.000 0.000 6 7 6 7 0 13 0 0.000 1 0.000 -1 2.109
21050.20 0 8.554 0.100 0.100 0.000 -14.344 0.000 0.000 6 6 6 6 0 13 0 0.000 1 0.000 -1 2.109
21050.30 0 8.554 0.100 0.100 0.000 -12.922 0.000 0.000 6 7 6 7 0 13 0 0.000 1 0.000 -1 2.109
21050.40 0 8.554 0.100 0.100 0.000 -11.499 0.000 0.000 6 7 6 7 0 13 0 0.000 1 0.000 -1 2.109
21050.50 0 8.554 0.100 0.100 0.000 -10.077 0.000 0.000 7 6 7 6 0 14 0 0.000 1 0.000 -1 2.109
21050.60 0 8.554 0.100 0.100 0.000 -8.654 0.000 0.000 7 6 7 6 0 14 0 0.000 1 0.000 -1 2.109
21050.70 0 8.554 0.100 0.100 0.000 -7.232 0.000 0.000 7 7 7 7 0 14 0 0.000 1 0.000 -1 2.109
21050.80 0 8.554 0.100 0.100 0.000 -5.809 0.000 0.000 7 7 7 7 0 14 0 0.000 1 0.000 -1 2.109
21050.90 0 8.554 0.100 0.100 0.000 -4.387 0.000 0.000 7 7 7 7 0 14 0 0.000 1 0.000 -1 2.109
21051.00 0 8.554 0.100 0.100 0.000 -2.964 0.000 0.000 7 7 7 7 0 14 0 0.000 1 0.000 -1 2.109
$PTPSR,ATT,V,055033.00,,,,,*6C
$GPGGA,055033.00,5550.9564494,N,03758.2351387,E,4,13,1.02,157.1303,M,14.1590,M,1.0,0000*7F
21051.10 0 8.554 0.100 0.100 0.000 -1.542 0.000 0.000 7 7 7 7 0 14 0 0.000 1 0.000 -1 2.109
21051.20 0 8.554 0.100 0.100 0.000 -0.119 0.000 0.000 7 7 7 7 0 14 0 0.000 1 0.000 -1 2.109
21051.30 0 8.554 0.100 0.100 0.000 1.303 0.000 0.000 7 7 7 7 0 14 0 0.000 1 0.000 -1 2.109
21051.40 0 8.554 0.100 0.100 0.000 2.726 0.000 0.000 7 7 7 7 0 14 0 0.000 1 0.000 -1 2.109
21051.50 0 8.554 0.100 0.100 0.000 4.148 0.000 0.000 7 7 7 7 0 14 0 0.000 1 0.000 -1 2.109
21051.60 0 8.554 0.100 0.100 0.000 5.570 0.000 0.000 7 7 7 7 0 14 0 0.000 1 0.000 -1 2.109
21051.70 0 8.554 0.100 0.100 0.000 6.993 0.000 0.000 7 7 7 7 0 14 0 0.000 1 0.000 -1 2.109
21051.80 0 8.554 0.100 0.100 0.000 8.415 0.000 0.000 7 7 7 7 0 14 0 0.000 1 0.000 -1 2.109
21051.90 0 8.554 0.100 0.100 0.000 9.838 0.000 0.000 7 7 7 7 0 14 0 0.000 1 0.000 -1 2.109
21052.00 0 8.554 0.100 0.100 0.000 11.260 0.000 0.000 7 7 7 7 0 14 0 0.000 1 0.000 -1 2.109
$PTPSR,ATT,V,055034.00,,,,,*6B
$GPGGA,055034.00,5550.9563919,N,03758.2346972,E,4,13,1.01,157.1118,M,14.1590,M,1.0,0000*7A
21052.10 0 8.554 0.100 0.100 0.000 12.683 0.000 0.000 7 7 7 7 0 14 0 0.000 1 0.000 -1 2.109
21052.20 0 8.554 0.100 0.100 0.000 14.105 0.000 0.000 7 7 7 7 0 14 0 0.000 1 0.000 -1 2.109
21052.30 0 8.554 0.100 0.100 0.000 15.527 0.000 0.000 7 7 7 7 0 14 0 0.000 1 0.000 -1 2.109
21052.40 0 8.554 0.100 0.100 0.000 16.950 0.000 0.000 7 6 7 6 0 14 0 0.000 1 0.000 -1 2.109
21052.50 0 8.554 0.100 0.100 0.000 18.372 0.000 0.000 7 7 7 7 0 14 0 0.000 1 0.000 -1 2.109
21052.60 0 8.554 0.100 0.100 0.000 19.795 0.000 0.000 7 7 7 7 0 14 0 0.000 1 0.000 -1 2.109
21052.70 0 8.554 0.100 0.100 0.000 21.217 0.000 0.000 7 7 7 7 0 14 0 0.000 1 0.000 -1 2.109
21052.80 0 8.554 0.100 0.100 0.000 22.640 0.000 0.000 7 7 7 7 0 14 0 0.000 1 0.000 -1 2.109
21052.90 0 8.554 0.100 0.100 0.000 24.062 0.000 0.000 7 7 7 7 0 14 0 0.000 1 0.000 -1 2.109
21053.00 0 8.554 0.100 0.100 0.000 25.484 0.000 0.000 7 7 7 7 0 14 0 0.000 1 0.000 -1 2.109
$PTPSR,ATT,V,055035.00,,,,,*6A
$GPGGA,055035.00,5550.9563078,N,03758.2342348,E,4,13,1.01,157.0851,M,14.1590,M,1.0,0000*77
21053.10 0 8.554 0.100 0.100 0.000 26.907 0.000 0.000 7 7 7 7 0 14 0 0.000 1 0.000 -1 2.109
21053.20 0 8.554 0.100 0.100 0.000 28.329 0.000 0.000 7 7 7 7 0 14 0 0.000 1 0.000 -1 2.109
21053.30 0 8.554 0.100 0.100 0.000 29.752 0.000 0.000 7 6 7 6 0 14 0 0.000 1 0.000 -1 2.109
21053.40 0 8.554 0.100 0.100 0.000 31.174 0.000 0.000 7 6 7 6 0 14 0 0.000 1 0.000 -1 2.109
21053.50 0 8.554 0.100 0.100 0.000 32.597 0.000 0.000 7 7 7 7 0 14 0 0.000 1 0.000 -1 2.109
21053.60 0 8.554 0.100 0.100 0.000 34.019 0.000 0.000 7 7 7 7 0 14 0 0.000 1 0.000 -1 2.109
21053.70 0 8.554 0.100 0.100 0.000 35.441 0.000 0.000 7 7 7 7 0 14 0 0.000 1 0.000 -1 2.109
21053.80 0 8.554 0.100 0.100 0.000 36.864 0.000 0.000 7 7 7 7 0 14 0 0.000 1 0.000 -1 2.109
21053.90 0 8.554 0.100 0.100 0.000 38.286 0.000 0.000 7 6 7 6 0 14 0 0.000 1 0.000 -1 2.109
21054.00 0 8.554 0.100 0.100 0.000 39.709 0.000 0.000 7 7 7 7 0 14 0 0.000 1 0.000 -1 2.109
$PTPSR,ATT,V,055036.00,,,,,*69
$GPGGA,055036.00,5550.9561935,N,03758.2337629,E,4,13,1.01,157.0746,M,14.1590,M,1.0,0000*7F
21054.10 0 8.554 0.100 0.100 0.000 41.131 0.000 0.000 7 7 7 7 0 14 0 0.000 1 0.000 -1 2.109
21054.20 0 8.554 0.100 0.100 0.000 42.554 0.000 0.000 7 7 7 7 0 14 0 0.000 1 0.000 -1 2.109
21054.30 0 8.554 0.100 0.100 0.000 43.976 0.000 0.000 7 7 7 7 0 14 0 0.000 1 0.000 -1 2.109
21054.40 0 8.554 0.100 0.100 0.000 45.398 0.000 0.000 7 7 7 7 0 14 0 0.000 1 0.000 -1 2.109
21054.50 0 8.554 0.100 0.100 0.000 46.821 0.000 0.000 7 7 7 7 0 14 0 0.000 1 0.000 -1 2.109
21054.60 0 8.554 0.100 0.100 0.000 48.243 0.000 0.000 7 6 7 6 0 14 0 0.000 1 0.000 -1 2.109
21054.70 0 8.554 0.100 0.100 0.000 49.666 0.000 0.000 7 6 7 6 0 14 0 0.000 1 0.000 -1 2.109
21054.80 0 8.554 0.100 0.100 0.000 51.088 0.000 0.000 7 7 7 7 0 14 0 0.000 1 0.000 -1 2.109
21054.90 0 8.554 0.100 0.100 0.000 52.510 0.000 0.000 7 7 7 7 0 14 0 0.000 1 0.000 -1 2.109
21055.00 0 8.554 0.100 0.100 0.000 53.933 0.000 0.000 7 7 7 7 0 14 0 0.000 1 0.000 -1 2.109
$PTPSR,ATT,V,055037.00,,,,,*68
$GPGGA,055037.00,5550.9560608,N,03758.2333150,E,4,13,1.01,157.0603,M,14.1590,M,1.0,0000*73
21055.10 0 3.685 0.119 0.106 4.190 150.340 -3.099 -3.099 7 7 7 7 0 14 1 0.000 1 -0.488 3 2.089
21055.20 0 9.402 0.154 0.117 4.232 149.910 -2.334 -2.334 7 7 7 7 0 14 10 0.088 1 -0.512 3 2.089
21055.30 0 8.582 0.185 0.126 4.273 149.441 -1.821 -1.821 7 7 7 7 0 14 10 0.164 1 -0.542 3 2.089
21055.40 0 7.794 0.214 0.135 4.295 148.927 -1.743 -1.743 7 7 7 7 0 14 10 0.236 1 -0.560 3 2.089
21055.50 0 8.447 0.235 0.144 4.469 148.396 -1.875 -1.875 7 7 7 7 0 14 10 0.305 1 -0.564 3 2.089
21055.60 0 8.010 0.252 0.154 4.526 147.912 -2.602 -2.602 7 7 7 7 0 14 10 0.366 1 -0.560 3 2.089
21055.70 0 7.400 0.279 0.159 4.313 147.381 -2.600 -2.600 7 7 7 7 0 14 10 0.406 1 -0.550 3 2.089
21055.80 0 6.621 0.294 0.160 4.084 146.893 -2.001 -2.001 7 7 7 7 0 14 10 0.449 1 -0.539 3 2.089
21055.90 0 7.090 0.300 0.159 4.044 146.355 -1.710 -1.710 7 7 7 7 0 14 10 0.476 1 -0.518 3 2.089
21056.00 0 7.694 0.308 0.157 4.054 145.920 -1.622 -1.622 7 7 7 7 0 14 10 0.507 1 -0.528 3 2.089
$PTPSR,ATT,V,055038.00,,,,,*67
$GPGGA,055038.00,5550.9558963,N,03758.2328760,E,4,13,1.01,157.0598,M,14.1590,M,1.0,0000*7B
21056.10 1 8.588 0.318 0.155 3.862 145.361 -1.133 -1.133 7 7 7 7 0 14 10 0.511 1 -0.534 3 2.089
21056.20 1 7.362 0.331 0.158 4.128 144.909 -1.320 -1.320 7 7 7 7 0 14 10 0.540 1 -0.551 3 2.089
21056.30 1 6.573 0.340 0.163 3.908 144.407 -1.291 -1.291 7 7 7 7 0 14 10 0.540 1 -0.560 3 2.089
21056.40 1 7.462 0.348 0.167 3.886 143.934 -1.179 -1.179 7 7 7 7 0 14 10 0.550 1 -0.567 3 2.089
21056.50 1 9.184 0.345 0.159 3.887 143.639 -0.890 -0.890 7 7 7 7 0 14 10 0.552 1 -0.575 3 2.089
21056.60 1 9.145 0.340 0.170 4.068 142.990 -0.898 -0.898 7 7 7 7 0 14 10 0.515 1 -0.586 3 2.089
21056.70 1 9.175 0.339 0.171 4.365 142.589 -1.217 -1.217 7 7 7 7 0 14 10 0.557 1 -0.594 3 2.089
21056.80 1 5.926 0.374 0.184 3.543 142.526 -0.502 -0.502 7 7 6 4 0 14 10 0.540 1 -0.559 3 2.089
21056.90 1 9.094 0.420 0.197 4.198 142.177 -0.979 -0.979 7 7 7 6 0 14 10 0.454 1 -0.573 3 2.089
21057.00 1 4.099 0.477 0.200 4.684 141.776 -2.225 -2.225 7 7 7 2 0 14 10 0.441 1 -0.565 3 2.089
$PTPSR,ATT,V,055039.00,141.776,4.684,N,0.200,0.477*22
$GPGGA,055039.00,5550.9557267,N,03758.2324731,E,4,14,0.76,157.0633,M,14.1590,M,1.0,0000*76
21057.10 1 3.127 0.540 0.214 4.781 141.330 -3.369 -3.369 7 7 6 2 0 14 10 0.441 1 -0.589 3 2.089
21057.20 1 8.775 0.537 0.221 3.986 140.922 -3.164 -3.164 7 7 7 7 0 14 10 0.450 1 -0.588 3 2.089
21057.30 1 8.576 0.511 0.219 4.408 140.536 -3.478 -3.478 7 7 7 6 0 14 10 0.449 1 -0.583 3 2.089
21057.40 1 5.583 0.545 0.230 5.423 140.290 -4.875 -4.875 7 7 6 3 0 14 10 0.443 1 -0.555 3 2.089
21057.50 1 5.183 0.524 0.231 5.306 140.053 -6.129 -6.129 7 7 6 3 0 14 10 0.409 1 -0.549 3 2.089
21057.60 1 4.235 0.572 0.224 5.356 139.621 -7.479 -7.479 7 7 6 3 0 14 10 0.377 1 -0.542 3 2.089
21057.70 1 8.319 0.586 0.239 4.104 139.079 -7.600 -7.600 7 7 7 5 0 14 10 0.392 1 -0.537 3 2.089
21057.80 1 4.250 0.490 0.201 4.714 138.700 -8.375 -8.375 7 7 7 2 0 14 10 0.427 1 -0.535 3 2.089
21057.90 1 8.869 0.470 0.200 3.996 138.219 -8.319 -8.319 7 7 7 7 0 14 10 0.422 1 -0.536 3 2.089
21058.00 1 8.420 0.447 0.192 3.914 137.682 -8.234 -8.234 7 7 7 7 0 14 10 0.439 1 -0.538 3 2.089
$PTPSR,ATT,V,055040.00,137.682,3.914,N,0.192,0.447*2D
$GPGGA,055040.00,5550.9555285,N,03758.2320873,E,4,14,0.76,157.0581,M,14.1590,M,1.0,0000*71
21058.10 1 8.985 0.440 0.184 3.863 137.404 -8.220 -8.220 7 7 7 7 0 14 10 0.465 1 -0.541 3 2.089
21058.20 1 9.047 0.441 0.189 3.924 137.152 -8.271 -8.271 7 7 7 7 0 14 10 0.432 1 -0.542 3 2.089
21058.30 1 9.563 0.431 0.183 3.767 136.642 -8.266 -8.266 7 7 7 7 0 14 10 0.399 1 -0.543 3 2.089
21058.40 1 8.284 0.413 0.179 3.613 136.308 -8.297 -8.297 7 7 7 7 0 14 10 0.425 1 -0.543 3 2.089
21058.50 1 5.760 0.389 0.188 3.998 135.911 -8.746 -8.746 7 7 7 4 0 14 10 0.409 1 -0.534 3 2.089
21058.60 1 7.973 0.387 0.185 3.656 135.586 -8.837 -8.837 7 7 7 7 0 14 10 0.410 1 -0.535 3 2.089
21058.70 1 7.732 0.379 0.174 3.554 135.050 -8.887 -8.887 7 7 7 7 0 14 10 0.395 1 -0.536 3 2.089
21058.80 1 7.604 0.357 0.169 3.421 134.762 -8.837 -8.837 7 7 7 7 0 14 10 0.426 1 -0.536 3 2.089
21058.90 1 7.084 0.343 0.162 3.752 134.433 -9.078 -9.078 7 7 7 6 0 14 10 0.400 1 -0.536 3 2.089
21059.00 1 10.018 0.339 0.161 3.338 134.061 -9.032 -9.032 7 7 7 7 0 14 10 0.387 1 -0.538 3 2.089
$PTPSR,ATT,V,055041.00,134.061,3.338,N,0.161,0.339*22
$GPGGA,055041.00,5550.9553195,N,03758.2317476,E,4,14,0.76,157.0662,M,14.1590,M,1.0,0000*77
21059.10 1 8.890 0.350 0.168 3.617 133.502 -9.153 -9.153 7 7 7 7 0 14 10 0.385 1 -0.539 3 2.089
21059.20 1 9.122 0.347 0.165 3.610 133.198 -9.262 -9.262 8 7 8 7 0 15 10 0.423 1 -0.539 3 2.089
21059.30 